-7.699460277291660937e-01
-5.211469332027729440e-01
-8.067546532172326090e-02
8.181779435806753042e-01
1.160336870492611139e+00
9.113728510787961756e-01
-1.340854413697143421e+00
1.463053646070403335e+00
2.589740229529788329e-01
1.198882711967290682e+00
2.167943048220898561e+00
1.589487393827501815e+00
-1.200304076169799172e+00
2.660840129808604182e+00
3.797212216761697845e-01
3.882422514403628400e-01
1.624547170731912793e+00
1.653825488277314015e+00
-3.503664285242008569e-02
1.110493358793041896e+00
9.981980396776993780e-01
1.285090963305694167e+00
1.036109713309752323e+00
6.123188608730546489e-01
3.695851738543844967e-01
1.747505122612013295e+00
1.667015497948182823e+00
1.385383410339349197e+00
1.241044406421604462e-01
2.356143624522716529e+00
-7.746637076962571422e-01
-3.353818800692138780e-01
2.208818597345911794e+00
4.977521113216970550e-01
-1.059419532640150763e+00
6.045094782684929946e-01
9.594820344413996782e-01
4.692096626180270458e-01
-3.259669516696869218e-01
4.209042262826560021e-01
8.016555146975981039e-01
5.456523635501092651e-02
1.595160065522030601e+00
7.941849093217874245e-01
1.830258987863099485e+00
-7.144516099634552475e-01
-7.862307956457286195e-01
2.665129766387767107e-01
1.562417552797362497e+00
-2.546158284713874731e-01
9.389868913351177016e-01
2.258049632120218142e-02
4.497637436751095175e-01
4.019091397861448201e+00
-4.269099561985675861e-02
1.033098523355723719e+00
-1.975724543799348143e-01
-2.292156030568722969e+00
2.503965094675540959e-01
-2.035917971819583894e+00
1.014253667869464692e+00
1.182538711645032770e+00
-4.592916303635055097e-01
1.954837771095940369e+00
1.582096253456285684e+00
1.205924372635978070e+00
-1.379852431321044293e+00
1.135750380760145894e+00
6.310756585853818934e-02
1.696260300120543629e+00
-3.668502685147415621e-01
1.679982849904542608e+00
-4.633224786185468069e-01
-3.744376560397338904e-01
3.128536089318445512e-02
9.579259739187135914e-01
-4.658289476053623090e-03
2.744528466727024885e+00
6.628974792393684812e-01
4.872040055894867328e-01
-1.926131298100081102e-01
-1.700812542197652211e-01
4.797710098395925882e-01
8.113261657649024627e-01
1.725983907937570727e+00
2.044142878149536990e+00
1.296485145825400975e+00
3.600720879886011527e+00
1.656974637356847024e+00
-1.139178417429953516e+00
-4.684854873906907358e-02
1.088685260389124387e+00
1.399609189473634441e+00
-7.824583698156478695e-01
-6.517821359014963623e-02
7.542114153097738694e-01
1.183729322516956506e+00
1.604803196048794067e+00
4.400266968519035427e-01
2.473754089716915239e-01
1.353196215940479563e+00
5.869124301016819256e-01
-3.739381183438558742e-01
-1.741755804949607356e-01
-1.490579510427977983e+00
1.999982433736592347e+00
1.227096347970035417e+00
2.081811215213091870e-02
1.537892783571624733e+00
-1.379205637451886179e+00
2.023291283267595553e+00
-4.118279257125780912e-01
2.737478819748109693e+00
2.446010330087708962e+00
1.502336715074544138e+00
1.450827466504228003e+00
2.363507929128061846e+00
-1.413441097402944102e+00
2.816360761274388502e-01
1.768550599951115743e+00
-9.967551687752007616e-02
-8.664930399072897638e-01
-3.804522028635992648e-02
1.890836826197150877e-02
9.163466576137284658e-01
1.672102741276709326e+00
-6.338984056369310061e-01
-8.145778350491101882e-01
-6.082345392760338809e-01
1.125768699865417721e+00
3.187979671272533899e-01
-1.083017755106019386e-02
2.104456208964950559e+00
1.037248986030205877e+00
-1.716993681947740713e+00
-9.512274875852333444e-01
8.618212863472436425e-01
1.914890431977088969e+00
8.089946822829765516e-01
1.770351018980549140e+00
-1.290430250985348692e+00
6.315452347507275466e-01
6.018610341874954806e-01
7.874040016534684661e-01
5.652875202081464323e-02
1.866690869816941323e+00
-1.433553009875264905e+00
1.182229355870130227e+00
-5.652793946200573849e-02
5.910606232650725822e-01
1.837225396417087875e-01
2.087578792993934673e+00
3.441990999277482755e-01
2.233694985265200383e+00
-8.522930044583498788e-02
1.580615260597235228e+00
-1.152141919371161283e-01
5.889703470328588875e-01
8.601670405613166537e-01
-2.431777407139254221e-01
1.071565519211204354e+00
2.347227587569505225e+00
3.789414286438832491e-01
1.462389711536556947e+00
7.764849973222418544e-01
1.742069459779461926e+00
2.819330016666427019e-01
2.115888788736258075e+00
1.239219340792324209e+00
-7.730172760565854340e-01
1.994710641334025425e-01
2.123465912293645563e-01
2.600494753242719614e+00
3.911688715643295566e-01
1.449127326524366932e+00
8.245156165412936833e-01
-5.564975955838382671e-01
7.779215797117591258e-01
1.567199959016824184e+00
8.146247004818090165e-01
1.318961481543505787e-01
1.372837689771636338e+00
6.686371061633573643e-01
2.105038139639029193e+00
-5.500758664419425070e-01
9.463491792904311639e-01
1.721022708766193898e-01
1.756352716859254759e+00
2.822676068696004403e+00
-1.188264167936700977e+00
-3.259786869912719709e-01
1.007669452741273952e+00
-9.902417396054334631e-02
5.863646366690000722e-01
7.867343535194504245e-01
1.206073633523891520e+00
2.988549985074996362e-01
-9.981028754416931825e-02
9.198615663694020839e-02
3.738327830294133625e-01
4.579018669868037961e-01
1.714915310834251638e+00
1.243296637026206408e+00
2.322813370204916072e+00
2.627794178906166067e+00
3.382934188884178517e-01
7.867244920237860262e-01
-3.695894577470555387e-01
-1.441469254032342384e+00
1.147787164401161908e+00
-7.219255752103711510e-01
-2.920732060207977820e-01
-1.760320628896528072e+00
1.091292720699189589e+00
1.071409216033786471e+00
1.466600671834170200e+00
2.308118376580989839e+00
2.154898913821925888e+00
-4.591262995937316349e-01
1.181194925788916050e+00
8.328979004059097191e-01
-1.721821909154865882e-01
1.792340984756358724e-01
1.169482390079318979e+00
4.675178347891173480e-02
1.069424975532448308e+00
2.051249816355832145e+00
3.465285266670222741e-01
5.653541466199079463e-02
9.194642490968929494e-01
-2.658880106737304683e-02
-4.377540586961180535e-01
1.760929253192247135e+00
-5.024318677852147585e-01
2.238992840418457142e+00
-2.004881457288936186e-01
2.799499235028612976e-01
2.299248171589436396e+00
2.332545705253720847e+00
7.729656890178646655e-01
-9.166725323741864440e-01
1.420185230998058046e+00
-7.103580233406248112e-01
1.733103287509925039e+00
-5.138033614267646376e-01
8.490175958878524165e-01
-1.915922442305584283e-01
-1.250648935885992241e+00
-5.169547843921028507e-01
1.239190057599953931e+00
3.063329998620201167e-02
6.781665907657695724e-01
-5.699545312922911500e-02
-5.493769186631254353e-01
1.130843935326861560e+00
1.119053722278077423e+00
2.319538237643883782e+00
-6.303206334119368925e-01
2.072749404892280545e+00
4.043954849076289992e-01
8.884978756978778591e-02
-4.009154032140749280e-04
5.135276797966428219e-01
-2.626255343422423394e-02
1.414276835482488615e-01
4.310036630492677379e-01
4.018370279765708375e-01
9.569433638003936871e-01
1.448362547980020398e+00
-5.154221233550323467e-01
1.276673987836639990e+00
1.269501643726646867e+00
-1.960619582754974388e-02
1.025690387327937048e+00
-3.997147419636659649e-02
1.764259787302021376e+00
5.852765647610661537e-01
1.428374942751606591e+00
5.572437936974896644e-01
-8.368087127274361769e-01
1.723640651551336944e+00
6.149105397168090903e-01
1.887725238651100312e+00
9.041574546649511213e-02
7.943672030351236479e-01
2.964454357140390961e+00
2.150661733954484234e+00
2.800023351619996825e-01
1.053637647661191279e+00
1.223301844032247843e+00
-3.470498798039683419e-01
1.499157488689748297e+00
7.950948284102754560e-01
1.128882664913857248e+00
-9.992079317770141689e-02
2.425331938948541932e+00
-3.561641464003987290e-01
-8.187609559089893407e-01
1.562196457800712590e+00
1.575987823447134284e+00
