chr	rs	ps	n_miss	b	beta	gamma
19	rs201551942	229783	0	-3.396377e-03	-5.258919e-05	1
19	rs200141179	230130	0	-1.648430e-03	-2.439972e-05	1
19	rs1975526	240867	0	2.144732e-03	3.186868e-05	1
19	rs3870592	244421	0	1.905320e-03	2.858959e-05	1
19	rs62103027	244426	0	1.972688e-03	2.883675e-05	1
19	rs2044408	245343	0	2.861811e-03	4.197717e-05	1
19	rs140409643	245410	0	-4.639968e-04	-8.368404e-06	1
19	rs67286684	245631	0	2.681750e-03	3.932954e-05	1
19	rs59441037	245844	0	2.027751e-03	2.968647e-05	1
19	rs57114567	245867	0	3.009923e-03	4.389947e-05	1
19	rs8111890	247288	0	7.207097e-03	1.062736e-04	1
19	rs566741910	247634	0	-1.048937e-03	-1.862228e-05	1
19	rs4068295	249046	0	2.422853e-03	3.405480e-05	1
19	rs56025600	249357	0	-1.093196e-03	-1.940971e-05	1
19	rs4068276	249875	0	2.336643e-03	3.217806e-05	1
19	rs4101392	250747	0	1.615457e-03	2.332762e-05	1
19	rs4046256	251244	0	1.610659e-03	2.370167e-05	1
19	rs12460337	252541	0	1.875412e-03	2.487656e-05	1
19	rs148954319	253155	0	-2.716223e-03	-4.757425e-05	1
19	rs7247199	253938	0	1.164927e-03	1.562607e-05	1
19	rs7259488	254004	0	8.974589e-03	1.254724e-04	1
19	rs3929173	254304	0	9.147852e-04	1.207959e-05	1
19	rs1975527	254447	0	1.114574e-03	1.482292e-05	1
19	rs1975528	254448	0	-8.262651e-04	-1.139032e-05	1
19	rs3861552	254899	0	1.040722e-03	1.363071e-05	1
19	rs4897929	254927	0	1.043039e-03	1.365233e-05	1
19	rs1838706	255096	0	8.951502e-03	1.223766e-04	1
19	rs1838707	255406	0	7.849656e-03	1.063029e-04	1
19	rs1838708	255499	0	1.011110e-03	1.321893e-05	1
19	rs1838709	255541	0	9.765441e-04	1.276754e-05	1
19	rs2312103	255741	0	8.444788e-04	1.119143e-05	1
19	rs9304891	256011	0	7.379716e-04	9.726465e-06	1
19	rs10415249	256592	0	1.189844e-03	1.612557e-05	1
19	rs10405886	256593	0	9.869341e-04	1.316005e-05	1
19	rs10420814	256623	0	9.896065e-04	1.318844e-05	1
19	rs10420821	256637	0	1.361474e-03	1.802389e-05	1
19	rs10420830	256649	0	1.142505e-03	1.514088e-05	1
19	rs8102643	256859	0	9.435251e-04	1.223897e-05	1
19	rs8100217	257507	0	9.367906e-04	1.210389e-05	1
19	rs2312104	257864	0	4.859937e-03	6.352899e-05	1
19	rs2312105	258025	0	8.167277e-04	1.053701e-05	1
19	rs2084114	258027	0	8.718655e-04	1.122670e-05	1
19	rs2100030	258149	0	9.268355e-04	1.191706e-05	1
19	rs2100031	258157	0	1.785931e-03	2.274116e-05	1
19	rs9797819	258275	0	9.747470e-04	1.251689e-05	1
19	rs74182499	258571	0	1.259547e-03	1.630121e-05	1
19	rs71335204	258726	0	-4.327525e-04	-5.320855e-06	1
19	rs71335205	258793	0	-6.073914e-04	-7.777702e-06	1
19	rs71335206	258796	0	-4.878318e-04	-6.193467e-06	1
19	rs73496455	259047	0	1.033850e-03	1.316428e-05	1
19	19:259067:G:T	259067	0	8.068695e-03	1.069360e-04	1
19	rs3752247	259100	0	9.874232e-04	1.257127e-05	1
19	rs9304892	259575	0	5.085617e-03	6.560664e-05	1
19	rs35806155	260238	0	1.060317e-03	1.349773e-05	1
19	rs4505454	260301	0	9.340968e-04	1.182038e-05	1
19	rs8105941	260783	0	1.238349e-03	1.567512e-05	1
19	rs8100066	260912	0	9.929340e-04	1.250043e-05	1
19	rs8102615	260970	0	9.285079e-03	1.221230e-04	1
19	rs8111191	260985	0	9.929340e-04	1.250123e-05	1
19	rs8105536	261033	0	9.929340e-04	1.250149e-05	1
19	rs8103376	261438	0	1.109418e-03	1.399531e-05	1
19	rs8103515	261563	0	1.091535e-03	1.377779e-05	1
19	rs8106295	261604	0	1.464666e-03	1.845687e-05	1
19	rs8100934	261845	0	1.122855e-03	1.417884e-05	1
19	rs113181339	262552	0	1.337960e-03	1.690710e-05	1
19	rs116982136	262556	0	1.349715e-03	1.705676e-05	1
19	rs4897932	262605	0	4.394388e-03	7.793562e-05	1
19	rs139045143	263132	0	-2.666050e-03	-4.637427e-05	1
19	rs6510641	263280	0	9.449970e-03	1.258543e-04	1
19	rs13343391	263982	0	1.313807e-03	1.681829e-05	1
19	rs2872115	265048	0	1.293424e-03	1.637068e-05	1
19	rs6510643	265445	0	5.595042e-03	7.247761e-05	1
19	rs6510644	265662	0	1.436178e-03	1.819940e-05	1
19	rs2312724	266034	0	-2.909997e-03	-5.028050e-05	1
19	rs66970068	266074	0	8.674111e-03	1.188362e-04	1
19	rs2312725	266077	0	-3.419490e-03	-5.859795e-05	1
19	rs8106462	266544	0	1.483144e-03	1.880806e-05	1
19	rs10668859	266759	0	1.380976e-03	1.754995e-05	1
19	rs1020382	267039	0	2.236148e-03	2.852771e-05	1
19	rs11668555	267213	0	9.935865e-03	1.489535e-04	1
19	rs1020383	267474	0	5.697061e-03	7.953700e-05	1
19	rs17603472	267614	0	6.538064e-03	8.687852e-05	1
19	rs4067315	269380	0	2.343469e-03	3.018229e-05	1
19	rs6423442	270384	0	2.016495e-03	2.599963e-05	1
19	rs12151115	273384	0	-2.631464e-03	-4.584258e-05	1
19	rs62103049	274261	0	2.375494e-04	3.976611e-06	1
19	rs10412645	274479	0	7.138248e-03	9.610800e-05	1
19	rs3764659	274767	0	2.419494e-03	3.108215e-05	1
19	rs12459906	276245	0	2.659938e-03	3.391519e-05	1
19	rs11881657	277715	0	2.861713e-03	3.711231e-05	1
19	rs11881658	277717	0	3.108384e-03	4.017427e-05	1
19	rs11084928	277776	0	3.100356e-03	3.997214e-05	1
19	rs12973065	278322	0	-5.504418e-03	-7.900412e-05	1
19	rs11881632	279645	0	7.332345e-04	9.564403e-06	1
19	rs11878315	280299	0	1.686115e-03	2.250618e-05	1
19	rs73496477	280540	0	-6.591157e-03	-1.149911e-04	1
19	rs7815	281360	0	2.296312e-03	3.057950e-05	1
19	rs113201138	282449	0	2.025108e-03	2.959130e-05	1
19	rs62103050	282875	0	4.252598e-04	7.295124e-06	1
19	rs4258738	286089	0	-2.859248e-03	-4.830303e-05	1
19	rs10410591	288771	0	-1.561323e-03	-2.823838e-05	1
19	rs12974219	289244	0	1.224368e-03	1.770916e-05	1
19	rs28453035	289491	0	1.970477e-03	2.842496e-05	1
19	rs12977857	289877	0	1.117195e-03	1.609224e-05	1
19	rs143668722	289902	0	8.271755e-04	1.395872e-05	1
19	rs8102122	290642	0	4.103795e-03	5.968886e-05	1
19	rs149179498	291732	0	-3.379811e-03	-5.978801e-05	1
19	rs3813154	292082	0	-7.012167e-04	-9.402565e-06	1
19	rs10409897	292549	0	2.798643e-03	4.720850e-05	1
19	rs895345	292583	0	2.604779e-03	3.242543e-05	1
19	rs895344	292901	0	7.390359e-03	1.169589e-04	1
19	rs12986214	293346	0	9.922880e-03	1.725398e-04	1
19	rs1077444	293671	0	1.494511e-02	2.623032e-04	1
19	rs1077445	293828	0	1.556466e-02	2.758359e-04	1
19	rs1077446	293913	0	4.701381e-03	6.532699e-05	1
19	rs1106581	293934	0	1.528405e-02	2.678509e-04	1
19	rs12971779	294212	0	7.977733e-03	1.136160e-04	1
19	rs66520080	294744	0	1.451536e-02	2.759624e-04	1
19	rs895341	295228	0	-7.834947e-03	-1.305376e-04	1
19	rs734885	295231	0	-6.796497e-03	-1.215887e-04	1
19	rs8101944	295295	0	-4.125766e-03	-7.178703e-05	1
19	rs35892447	295746	0	8.035042e-03	1.255716e-04	1
19	rs34933674	295770	0	3.131901e-03	5.006183e-05	1
19	rs4898159	295847	0	-7.756248e-04	-9.954958e-06	1
19	rs10418525	296458	0	3.331513e-04	4.669751e-06	1
19	rs8112322	296902	0	1.500638e-04	2.021740e-06	1
19	rs58971616	297025	0	1.377118e-03	1.936422e-05	1
19	rs12463256	297217	0	2.165230e-03	3.022564e-05	1
19	rs138879382	297367	0	1.144866e-03	1.595862e-05	1
19	rs4897847	297402	0	1.085424e-03	1.515640e-05	1
19	rs4897937	297470	0	6.362048e-04	8.953142e-06	1
19	rs4897848	297509	0	-1.815284e-03	-2.350664e-05	1
19	rs4897938	297519	0	5.907974e-04	8.332441e-06	1
19	rs10432301	297612	0	6.787738e-04	9.527485e-06	1
19	rs4898158	297704	0	-2.566038e-03	-4.372014e-05	1
19	rs113499515	298284	0	1.964570e-03	2.721829e-05	1
19	rs55688649	298284	0	-1.990859e-03	-3.270489e-05	1
19	rs35555297	298344	0	-2.635401e-03	-4.335286e-05	1
19	rs34760170	298356	0	-2.863955e-03	-4.721174e-05	1
19	rs55768137	298619	0	8.333010e-04	1.477504e-05	1
19	rs10402079	298697	0	-5.453081e-04	-9.142625e-06	1
19	rs28526820	298971	0	-3.046705e-04	-5.120075e-06	1
19	rs531024704	299683	0	-9.202556e-04	-1.559552e-05	1
19	rs77232119	300952	0	3.495483e-03	5.017914e-05	1
19	rs7253913	301259	0	2.533022e-03	3.331618e-05	1
19	rs7253919	301262	0	2.550249e-03	3.353982e-05	1
19	rs79924586	301271	0	1.454144e-03	2.039307e-05	1
19	rs10410483	301283	0	1.453625e-03	1.951960e-05	1
19	rs4897939	301619	0	2.596164e-03	3.370625e-05	1
19	rs4897940	301639	0	2.707016e-03	3.509612e-05	1
19	rs4897942	301900	0	2.658091e-03	3.449679e-05	1
19	rs58028278	302255	0	2.683437e-03	3.487315e-05	1
19	rs67794573	302321	0	2.119478e-04	2.873777e-06	1
19	rs28514922	302350	0	4.769973e-04	6.115673e-06	1
19	rs28667850	302351	0	1.090817e-03	1.393284e-05	1
19	rs28435550	302496	0	1.876227e-03	2.421744e-05	1
19	rs112216134	303225	0	-5.391148e-04	-7.467594e-06	1
19	rs35749267	303707	0	2.334927e-03	3.914792e-05	1
19	rs4897943	304499	0	3.563720e-05	4.974018e-07	1
19	rs10412624	304526	0	1.447068e-03	1.900171e-05	1
19	rs72982400	304879	0	4.139888e-03	5.763137e-05	1
19	rs10408007	304941	0	-1.257312e-03	-2.231680e-05	1
19	rs144468958	305001	0	-3.224430e-03	-5.389855e-05	1
19	rs10421358	306304	0	-7.242632e-04	-1.208956e-05	1
19	rs72982402	307037	0	-1.022923e-03	-1.698883e-05	1
19	rs72984404	309275	0	-1.018981e-03	-1.675215e-05	1
19	rs72984405	309445	0	-1.128645e-03	-1.836706e-05	1
19	rs58838051	309476	0	-8.253765e-04	-1.112318e-05	1
19	rs35692286	309502	0	-1.114753e-03	-1.812871e-05	1
19	rs34072792	309518	0	-1.180403e-03	-1.938020e-05	1
19	rs9749212	310071	0	-1.507326e-03	-2.463540e-05	1
19	rs72984410	310096	0	-1.842551e-03	-3.013090e-05	1
19	rs72984411	310103	0	-1.932138e-03	-3.192693e-05	1
19	rs72984413	310283	0	-1.164462e-03	-1.909373e-05	1
19	rs72984416	310369	0	-1.144752e-03	-1.876752e-05	1
19	rs72984420	310404	0	2.531202e-04	4.150884e-06	1
19	rs199814029	310636	0	-7.686239e-04	-1.286692e-05	1
19	rs8111494	310639	0	8.952167e-04	1.499442e-05	1
19	rs8100665	311037	0	1.520873e-03	1.992348e-05	1
19	rs113446432	311138	0	-1.094019e-03	-1.790999e-05	1
19	rs72984427	311708	0	-1.106398e-03	-1.809938e-05	1
19	rs111820777	311787	0	-3.552079e-04	-5.897273e-06	1
19	rs8104600	312020	0	6.065061e-04	8.438447e-06	1
19	rs60667274	312026	0	-3.541149e-04	-5.888167e-06	1
19	rs61710650	312141	0	-6.746594e-04	-1.106072e-05	1
19	rs57027105	312164	0	3.422468e-04	5.838446e-06	1
19	rs57360893	312179	0	-1.101767e-03	-1.785130e-05	1
19	rs60199290	312311	0	-1.207186e-03	-1.956475e-05	1
19	rs58749922	312313	0	-3.292032e-04	-5.458398e-06	1
19	rs111374101	313154	0	-4.350130e-03	-7.225374e-05	1
19	rs72984430	313302	0	-9.383707e-04	-1.530152e-05	1
19	rs72984433	313790	0	-9.260368e-04	-1.496666e-05	1
19	rs72984434	314108	0	-9.806653e-04	-1.597242e-05	1
19	rs7253294	314115	0	-9.227430e-04	-1.490986e-05	1
19	rs72984437	314176	0	-9.792169e-04	-1.594236e-05	1
19	rs72984438	314755	0	-2.722586e-04	-4.508169e-06	1
19	rs72984441	314933	0	-1.006590e-03	-1.637530e-05	1
19	rs144025841	315136	0	-9.616348e-04	-1.562690e-05	1
19	rs143561603	315179	0	-9.515742e-04	-1.545980e-05	1
19	rs112626059	315224	0	-2.275306e-04	-3.768168e-06	1
19	rs11665790	315322	0	-8.747084e-04	-1.410055e-05	1
19	rs72984443	315552	0	-9.418585e-04	-1.529485e-05	1
19	rs7246500	315788	0	-1.002719e-03	-1.250796e-05	1
19	rs72984446	315919	0	-9.637578e-04	-1.564735e-05	1
19	rs72984447	315954	0	-9.611956e-04	-1.560737e-05	1
19	rs7256434	316040	0	-9.220705e-04	-1.494284e-05	1
19	rs200577272	316296	0	9.660415e-04	1.685356e-05	1
19	rs112519633	316385	0	2.345312e-03	3.547764e-05	1
19	rs58456632	316792	0	-6.269555e-04	-1.025451e-05	1
19	rs8108171	317203	0	-1.643409e-03	-2.091347e-05	1
19	rs58922652	317293	0	4.259907e-04	6.992304e-06	1
19	rs34573407	317294	0	1.805010e-03	2.722117e-05	1
19	rs8100283	317353	0	9.172160e-04	1.233097e-05	1
19	rs8110810	317387	0	9.833710e-04	1.379590e-05	1
19	rs62103701	317430	0	1.482500e-05	3.305565e-07	1
19	rs369992368	317432	0	-1.457387e-04	-1.952390e-06	1
19	rs60551457	317498	0	-3.175846e-05	-4.981123e-07	1
19	rs8100510	317519	0	-3.491648e-04	-4.461771e-06	1
19	rs57568301	317702	0	3.944112e-04	6.620606e-06	1
19	rs57815234	318238	0	-6.997246e-05	-1.122962e-06	1
19	rs7250095	318308	0	-7.802911e-05	-8.256208e-07	1
19	rs72984452	318586	0	4.960376e-04	8.022592e-06	1
19	rs72984453	318624	0	-7.018078e-04	-1.127547e-05	1
19	rs72984455	318778	0	-7.025959e-04	-1.129374e-05	1
19	rs72984457	319371	0	8.690262e-05	1.411578e-06	1
19	rs72984459	319444	0	6.236204e-04	1.015611e-05	1
19	rs12985853	319605	0	-3.650099e-04	-4.731160e-06	1
19	rs72984461	319720	0	2.430463e-04	3.904672e-06	1
19	rs4897945	319760	0	2.524959e-04	4.055246e-06	1
19	rs4897946	319822	0	1.971148e-04	2.724139e-06	1
19	rs4897849	320023	0	1.085433e-03	1.523977e-05	1
19	rs57182120	320097	0	-1.497159e-03	-2.555251e-05	1
19	rs72984464	320145	0	-1.204483e-03	-2.071980e-05	1
19	rs145042106	320220	0	2.443686e-04	3.474384e-06	1
19	rs118128818	320250	0	-2.167653e-03	-3.880329e-05	1
19	rs202088577	320388	0	2.125929e-03	3.779666e-05	1
19	rs11881923	320612	0	6.066719e-04	9.681731e-06	1
19	rs72984468	320794	0	6.327267e-04	1.009289e-05	1
19	rs59449878	320982	0	1.924779e-03	2.896657e-05	1
19	rs72984470	321048	0	1.029158e-03	1.667920e-05	1
19	rs72984471	321162	0	6.431803e-04	1.025061e-05	1
19	rs72984474	321312	0	6.719867e-04	1.070614e-05	1
19	rs72984476	321341	0	6.572112e-04	1.047044e-05	1
19	rs72984480	321366	0	6.668127e-04	1.062282e-05	1
19	rs1971179	321434	0	9.374960e-04	1.205588e-05	1
19	rs1971178	321566	0	1.544339e-03	2.153008e-05	1
19	rs137994015	321575	0	6.949465e-04	1.106430e-05	1
19	rs142665817	321584	0	6.930412e-04	1.103393e-05	1
19	rs143162592	321609	0	-1.552363e-04	-2.650713e-06	1
19	rs72984481	321682	0	7.168235e-04	1.140673e-05	1
19	rs12462719	321874	0	1.132771e-03	1.453431e-05	1
19	rs34179183	322093	0	3.054421e-04	4.916586e-06	1
19	rs4897948	323301	0	1.619326e-03	2.258962e-05	1
19	rs192078966	323339	0	1.084163e-04	1.973959e-06	1
19	rs138720852	323352	0	1.080791e-03	1.846505e-05	1
19	rs552843821	323366	0	1.665521e-03	2.804602e-05	1
19	rs9630891	323473	0	9.247428e-04	1.463893e-05	1
19	rs12462494	323507	0	5.941646e-04	8.066561e-06	1
19	rs12165119	323530	0	9.330479e-04	1.476812e-05	1
19	rs111966640	324024	0	7.215587e-04	1.146559e-05	1
19	rs111242719	324133	0	9.977249e-04	1.578147e-05	1
19	rs537486623	324383	0	-2.392415e-04	-4.126347e-06	1
19	rs551749914	324420	0	-3.487434e-05	-5.907014e-07	1
19	rs9304896	324501	0	1.374731e-03	1.915003e-05	1
19	rs72984491	324707	0	1.533068e-03	2.466021e-05	1
19	rs12459669	324824	0	2.731580e-03	3.786311e-05	1
19	rs10414938	325093	0	2.005494e-03	2.544984e-05	1
19	rs62103704	325266	0	-1.453539e-04	-1.749075e-06	1
19	rs72984498	325310	0	8.909936e-04	1.408426e-05	1
19	rs62103705	325481	0	2.564524e-03	3.821152e-05	1
19	rs73916894	325514	0	2.701320e-03	4.349455e-05	1
19	rs58761889	325865	0	1.185285e-03	1.860255e-05	1
19	rs61018085	326059	0	1.200432e-03	1.883087e-05	1
19	rs61389123	326146	0	1.191729e-03	1.868619e-05	1
19	rs61659564	326198	0	1.202829e-03	1.885106e-05	1
19	rs60918406	326254	0	1.063006e-03	1.662552e-05	1
19	rs146054575	326311	0	1.434225e-03	2.265363e-05	1
19	rs4897949	326481	0	2.739699e-03	4.039898e-05	1
19	rs55970301	326818	0	2.793427e-03	4.807861e-05	1
19	rs7256086	327182	0	1.338501e-03	2.089744e-05	1
19	19:327260:TA:TAA	327260	0	3.521438e-05	6.961123e-07	1
19	rs7250846	327323	0	2.800478e-03	4.359426e-05	1
19	rs731804	327683	0	1.080338e-03	1.449687e-05	1
19	rs7257040	327821	0	1.646602e-03	2.632702e-05	1
19	rs2305113	327998	0	7.950834e-04	1.075280e-05	1
19	rs57488274	328028	0	1.826169e-03	2.919742e-05	1
19	rs55891703	328577	0	3.227521e-03	5.290092e-05	1
19	rs4897950	328621	0	2.614570e-03	4.085640e-05	1
19	rs7246089	328855	0	4.839693e-05	7.006295e-07	1
19	rs34444016	329255	0	-4.347346e-05	-8.191802e-07	1
19	rs12972250	329746	0	-6.868152e-04	-8.847831e-06	1
19	rs57948121	329817	0	2.565898e-03	4.013645e-05	1
19	rs10420041	329841	0	2.753167e-03	3.477322e-05	1
19	rs4897951	330263	0	1.611700e-03	2.524351e-05	1
19	rs72986411	330853	0	2.436360e-03	3.811602e-05	1
19	rs7253509	331028	0	2.429091e-03	3.313608e-05	1
19	rs7260345	331124	0	2.785404e-03	3.536019e-05	1
19	rs111696371	331896	0	8.662956e-04	1.349592e-05	1
19	rs57828936	331904	0	1.640737e-03	2.233800e-05	1
19	rs61131955	332484	0	-2.700628e-04	-4.592058e-06	1
19	rs113630424	333696	0	1.782546e-03	2.853609e-05	1
19	rs140925771	333849	0	2.247845e-03	3.679696e-05	1
19	rs10426432	333907	0	2.697010e-03	3.672842e-05	1
19	rs35100603	334170	0	3.861233e-03	5.478161e-05	1
19	rs11084956	334474	0	1.727918e-03	2.688980e-05	1
19	rs72986417	334756	0	-5.936912e-04	-7.689688e-06	1
19	rs11883060	335055	0	1.979444e-03	3.089922e-05	1
19	rs895346	335267	0	2.802887e-03	3.806698e-05	1
19	rs921015	335673	0	2.542006e-03	3.349435e-05	1
19	rs3816322	335946	0	1.749106e-03	2.264757e-05	1
19	rs35953308	336102	0	2.527488e-03	4.489575e-05	1
19	rs11879189	336279	0	1.786328e-03	2.792360e-05	1
19	rs11880770	336350	0	1.826866e-03	2.868661e-05	1
19	rs72986421	336505	0	2.742921e-03	4.291669e-05	1
19	rs113142147	336881	0	2.278840e-03	3.741672e-05	1
19	rs8182545	336911	0	2.894915e-03	3.928645e-05	1
19	rs8182490	336932	0	2.331385e-03	3.174792e-05	1
19	rs7251926	337212	0	1.772970e-03	2.773852e-05	1
19	rs7246029	337247	0	1.712201e-03	2.679416e-05	1
19	rs4897952	337641	0	1.720661e-03	2.692865e-05	1
19	rs4897953	337806	0	1.685651e-03	2.638814e-05	1
19	rs10409329	337912	0	1.531459e-03	2.377516e-05	1
19	rs113379819	337942	0	1.434688e-03	2.242266e-05	1
19	rs146583752	338408	0	-2.429333e-03	-4.082078e-05	1
19	rs61220145	338581	0	1.656176e-03	2.594254e-05	1
19	rs10416141	338693	0	-2.219293e-03	-3.735313e-05	1
19	rs2121143	338944	0	1.693727e-03	2.654396e-05	1
19	rs2084111	339186	0	4.520314e-05	7.138445e-07	1
19	rs2084112	339372	0	1.938002e-03	2.800397e-05	1
19	rs878685	339675	0	-2.267580e-03	-3.013417e-05	1
19	rs878686	339812	0	-1.117908e-03	-1.468515e-05	1
19	rs895347	340225	0	2.181577e-03	3.152655e-05	1
19	rs882572	340700	0	-1.157779e-03	-1.528751e-05	1
19	rs8112033	341087	0	3.899236e-03	5.324200e-05	1
19	rs8100798	341288	0	2.212801e-03	3.560050e-05	1
19	rs12462670	341392	0	3.032440e-03	4.385482e-05	1
19	rs57802554	341455	0	-2.288119e-03	-3.858352e-05	1
19	rs60721162	341500	0	9.841895e-05	1.365680e-06	1
19	rs8101526	341894	0	1.155053e-03	1.551435e-05	1
19	rs8101528	341899	0	1.277745e-03	1.712563e-05	1
19	rs112332352	341996	0	-2.058398e-03	-3.534144e-05	1
19	rs4549009	342331	0	-2.085789e-03	-3.578739e-05	1
19	rs72986442	342445	0	-1.251841e-04	-2.010338e-06	1
19	rs77249113	342556	0	-2.162453e-03	-3.715572e-05	1
19	rs2166359	342617	0	2.134272e-03	3.071924e-05	1
19	rs79196409	344005	0	-2.254659e-03	-3.815963e-05	1
19	rs4897853	344053	0	2.062070e-03	2.966480e-05	1
19	rs35911837	344299	0	1.063926e-03	1.418228e-05	1
19	rs181813512	344606	0	2.017682e-03	2.899214e-05	1
19	rs56365048	346867	0	4.437938e-03	5.617033e-05	1
19	rs11084976	347361	0	2.531074e-03	3.610586e-05	1
19	rs7255195	348105	0	-4.250558e-04	-7.435883e-06	1
19	rs11323102	348404	0	2.577880e-03	3.679463e-05	1
19	rs6510724	348527	0	4.546472e-03	5.674450e-05	1
19	rs6510725	348743	0	5.011401e-03	6.092743e-05	1
19	rs12609809	348901	0	4.520732e-03	5.570588e-05	1
19	rs12611022	348996	0	4.622702e-03	5.715004e-05	1
19	rs62103740	349007	0	3.207667e-03	3.944996e-05	1
19	rs8101631	349041	0	-1.837016e-03	-2.792766e-05	1
19	rs62103741	349103	0	4.883440e-03	5.983729e-05	1
19	rs8101753	349160	0	-2.096768e-03	-3.165265e-05	1
19	rs62103742	349196	0	4.606464e-03	5.702009e-05	1
19	rs8113440	349604	0	4.833156e-03	5.929755e-05	1
19	rs145028776	349641	0	4.696444e-03	5.799828e-05	1
19	rs8105171	349811	0	4.902985e-03	6.024079e-05	1
19	rs8105194	349888	0	4.837296e-03	5.967080e-05	1
19	rs8102686	349985	0	4.813908e-03	5.923723e-05	1
19	rs201237692	350384	0	1.036727e-03	1.838688e-05	1
19	rs200493970	350482	0	-2.954307e-04	-4.755260e-06	1
19	rs62652446	350590	0	1.422855e-03	2.579060e-05	1
19	rs201006905	351114	0	8.050652e-04	1.353263e-05	1
19	rs200394276	351498	0	-4.809902e-04	-7.888699e-06	1
19	rs55878052	351771	0	-1.637882e-03	-2.554532e-05	1
19	rs118038261	352084	0	2.794510e-03	4.974578e-05	1
19	rs2044406	352341	0	-1.132825e-03	-1.781458e-05	1
19	rs34965934	352660	0	-2.677867e-03	-3.778615e-05	1
19	rs2044407	352700	0	2.301838e-03	3.322374e-05	1
19	rs10423498	354248	0	4.164407e-03	5.270553e-05	1
19	rs10647435	354492	0	5.399755e-03	7.048857e-05	1
19	rs544853361	354855	0	-1.398864e-03	-2.194597e-05	1
19	rs12461882	355011	0	4.526959e-03	5.725883e-05	1
19	rs10415340	355354	0	4.531953e-03	5.756245e-05	1
19	rs11303154	355622	0	3.237795e-03	4.716256e-05	1
19	rs4897954	355759	0	2.964305e-03	4.316932e-05	1
19	rs4897955	355838	0	2.892031e-03	4.209920e-05	1
19	rs7254684	356003	0	4.331179e-03	5.518960e-05	1
19	rs112301751	356545	0	-1.751019e-03	-2.847797e-05	1
19	rs76903171	358235	0	-3.654090e-04	-5.872551e-06	1
19	rs140193504	358315	0	-6.274278e-04	-1.029253e-05	1
19	rs4897957	358550	0	-2.021230e-04	-3.266182e-06	1
19	rs716702	358990	0	-6.433720e-04	-1.109751e-05	1
19	rs7255752	359483	0	-1.681012e-03	-2.552903e-05	1
19	rs11670930	359778	0	-1.993232e-03	-3.055763e-05	1
19	rs79859128	359842	0	-1.078168e-03	-1.784614e-05	1
19	rs112376105	360078	0	3.979059e-04	6.707433e-06	1
19	rs369402405	360120	0	-5.046317e-04	-8.582348e-06	1
19	rs71211416	360191	0	5.256575e-04	8.804010e-06	1
19	rs563938787	360205	0	8.344598e-04	1.411017e-05	1
19	rs71211417	360270	0	1.470800e-03	2.474323e-05	1
19	rs186050891	360319	0	-1.149260e-03	-1.762223e-05	1
19	rs545837075	360809	0	2.040346e-04	3.576338e-06	1
19	rs370388368	360880	0	3.838982e-04	6.647041e-06	1
19	rs145942595	361712	0	-9.300248e-04	-1.587438e-05	1
19	rs74872398	361904	0	5.070159e-04	8.601851e-06	1
19	rs79233626	361907	0	8.410794e-05	1.359847e-06	1
19	rs112117448	361929	0	-7.539543e-04	-1.298513e-05	1
19	rs111227629	361933	0	-3.420279e-04	-5.940660e-06	1
19	rs112403823	361939	0	8.882087e-04	1.505065e-05	1
19	rs112236524	361942	0	-2.176550e-04	-3.818133e-06	1
19	rs11667575	362723	0	-9.287687e-04	-1.601079e-05	1
19	rs4407176	362807	0	-8.204301e-04	-1.238617e-05	1
19	rs73506541	362830	0	-2.904306e-04	-4.983322e-06	1
19	rs73506543	362969	0	-3.230293e-04	-5.621441e-06	1
19	rs113438119	363044	0	-7.926095e-04	-1.333144e-05	1
19	rs73506546	363083	0	1.951289e-04	3.288122e-06	1
19	rs7508262	363127	0	-2.974190e-04	-5.181307e-06	1
19	rs7507374	363213	0	-7.477020e-04	-1.129478e-05	1
19	rs111364229	363382	0	-5.638750e-04	-9.421528e-06	1
19	rs35809223	363690	0	-1.372310e-03	-2.124244e-05	1
19	rs35634354	363754	0	-2.320455e-04	-3.962274e-06	1
19	rs35987658	363775	0	2.825272e-03	4.875620e-05	1
19	rs112879946	364197	0	1.274928e-03	2.142508e-05	1
19	rs184644299	364208	0	1.668676e-03	2.314062e-05	1
19	rs369579537	364209	0	1.533045e-03	2.149248e-05	1
19	rs8105905	364285	0	-4.171260e-03	-7.018963e-05	1
19	rs8099907	364324	0	-1.256011e-03	-2.012199e-05	1
19	rs632599	364387	0	-1.528187e-03	-2.042819e-05	1
19	rs617479	364502	0	1.112140e-03	1.492663e-05	1
19	rs618305	364626	0	-4.561457e-03	-6.316165e-05	1
19	rs618409	364695	0	-1.443501e-03	-1.958744e-05	1
19	rs662435	365034	0	-3.528408e-03	-4.485085e-05	1
19	rs662901	365168	0	-3.653105e-03	-4.902758e-05	1
19	rs662923	365188	0	-2.890420e-03	-3.722262e-05	1
19	rs2441039	365480	0	7.507168e-04	9.151533e-06	1
19	rs657745	365861	0	-2.001132e-03	-2.623425e-05	1
19	rs658603	366038	0	-2.750165e-03	-3.592403e-05	1
19	rs689396	366412	0	9.003448e-05	8.635741e-07	1
19	rs689448	366451	0	-2.479170e-03	-3.157250e-05	1
19	rs1020384	366804	0	1.973540e-03	2.734267e-05	1
19	rs583307	366846	0	1.508259e-03	1.925219e-05	1
19	rs585487	367313	0	3.849112e-04	4.576173e-06	1
19	rs597763	367726	0	-2.783610e-03	-3.716950e-05	1
19	rs688169	367979	0	-2.173380e-04	-2.957264e-06	1
19	rs76143882	368030	0	-4.975643e-03	-8.657950e-05	1
19	rs59372439	384517	0	-8.805041e-03	-1.256195e-04	1
19	rs12151104	384644	0	-3.927466e-03	-4.968905e-05	1
19	rs12151294	384724	0	-5.812021e-03	-7.980825e-05	1
19	rs7508251	401714	0	4.681463e-03	8.562924e-05	1
19	rs564024075	404027	0	4.110481e-03	7.497678e-05	1
19	rs74451437	408497	0	1.174469e-03	2.127096e-05	1
19	rs12980274	409977	0	3.649446e-03	5.878413e-05	1
19	rs753719	411849	0	5.644547e-03	7.883111e-05	1
19	rs889339	412084	0	3.471627e-03	5.408546e-05	1
19	rs73501977	412812	0	9.003978e-04	1.576148e-05	1
19	rs77669859	412860	0	9.860589e-04	1.724734e-05	1
19	rs2310957	412868	0	2.852617e-03	4.266022e-05	1
19	rs7408288	413017	0	2.960134e-03	4.425369e-05	1
19	rs62102117	413514	0	-2.572771e-03	-4.383249e-05	1
19	rs7408648	413689	0	6.069157e-03	1.009796e-04	1
19	rs7408659	413799	0	3.215307e-03	4.761286e-05	1
19	rs7408687	414192	0	3.327752e-03	4.922118e-05	1
19	rs7408201	414284	0	3.263353e-03	4.822577e-05	1
19	rs7408247	415294	0	7.429875e-03	1.230721e-04	1
19	rs111211801	415408	0	-3.786918e-04	-6.378290e-06	1
19	rs12986082	415855	0	4.332826e-03	6.265335e-05	1
19	rs75685426	416205	0	7.749215e-04	1.351869e-05	1
19	rs16990426	416231	0	5.339012e-04	9.280397e-06	1
19	rs8902	416664	0	7.666126e-03	1.270753e-04	1
19	rs15971	416834	0	3.461434e-04	5.958895e-06	1
19	rs1046822	416963	0	3.962844e-03	5.694002e-05	1
19	rs13867	417014	0	7.670518e-03	1.270364e-04	1
19	rs80119017	417157	0	5.723315e-04	9.810926e-06	1
19	rs3893730	417281	0	3.978820e-03	5.701401e-05	1
19	rs1808416	417396	0	8.504466e-03	1.425704e-04	1
19	rs12462724	417556	0	5.751657e-03	7.434141e-05	1
19	rs16990450	417714	0	2.411204e-03	4.171979e-05	1
19	rs12462766	417737	0	8.459089e-03	1.416367e-04	1
19	rs73916973	418056	0	2.336530e-03	4.019095e-05	1
19	rs10415989	418131	0	5.824775e-03	1.004696e-04	1
19	rs10426188	418178	0	9.081484e-03	1.586497e-04	1
19	rs12981152	418769	0	5.914485e-03	7.548386e-05	1
19	rs1115033	418786	0	-1.112084e-02	-1.725597e-04	1
19	rs10408164	419407	0	1.071659e-02	1.529496e-04	1
19	rs10414744	419471	0	1.076637e-02	1.541706e-04	1
19	rs8112380	420755	0	9.853712e-03	1.236345e-04	1
19	rs112335850	421413	0	7.173857e-03	9.992215e-05	1
19	rs72970207	421430	0	-3.227106e-04	-4.851826e-06	1
19	rs7408302	421433	0	6.577843e-03	8.996090e-05	1
19	rs7408599	421825	0	8.053158e-03	1.108695e-04	1
19	rs13345211	421842	0	-1.288888e-03	-1.969359e-05	1
19	rs12984753	422534	0	6.623287e-03	8.394480e-05	1
19	rs2287958	422543	0	5.028327e-03	6.679192e-05	1
19	rs2287957	422555	0	5.466845e-03	7.352937e-05	1
19	rs1046818	422579	0	6.280764e-03	7.900178e-05	1
19	rs2287956	422584	0	4.880427e-03	6.576193e-05	1
19	rs1129192	422592	0	6.251747e-03	7.863423e-05	1
19	19:422625:G:C	422625	0	5.299750e-03	6.694767e-05	1
19	rs12979419	422938	0	5.862805e-03	7.367766e-05	1
19	rs73916977	425290	0	-3.252232e-04	-4.981344e-06	1
19	rs62102119	425305	0	5.548582e-05	6.805252e-07	1
19	rs66783016	426974	0	2.536505e-03	3.939998e-05	1
19	rs35808185	428077	0	2.917131e-03	4.558866e-05	1
19	rs10409912	428608	0	3.122149e-04	5.100864e-06	1
19	rs72455812	428792	0	2.705048e-03	4.247908e-05	1
19	rs7257878	429139	0	3.134521e-03	4.912336e-05	1
19	rs62102120	429404	0	-9.343641e-03	-1.366381e-04	1
19	rs149537495	429630	0	2.857193e-03	4.547518e-05	1
19	rs10417946	429962	0	-6.451865e-03	-9.442398e-05	1
19	rs113400394	430380	0	-9.362930e-03	-1.592846e-04	1
19	rs10424182	431029	0	-6.111223e-03	-8.214590e-05	1
19	rs58081016	431104	0	3.921513e-05	7.341516e-07	1
19	rs10413199	431187	0	7.726454e-05	1.343828e-06	1
19	rs113434361	434379	0	2.478005e-03	4.460029e-05	1
19	rs2041399	438357	0	-1.109277e-03	-1.765489e-05	1
19	rs73507734	439193	0	7.847388e-04	1.370146e-05	1
19	rs7255734	440005	0	-5.404611e-04	-9.610289e-06	1
19	rs149598773	440088	0	-3.251214e-04	-5.855986e-06	1
19	rs2075018	440478	0	-1.524425e-04	-2.767580e-06	1
19	rs35867611	441456	0	-4.383877e-04	-7.304465e-06	1
19	rs12463385	441457	0	-4.751132e-04	-8.448924e-06	1
19	rs375546853	442547	0	-1.491214e-03	-2.668760e-05	1
19	rs7252089	446827	0	-1.298610e-03	-2.317045e-05	1
19	rs7252112	446887	0	-6.816220e-04	-1.212686e-05	1
19	rs11667604	449175	0	1.000088e-03	1.367223e-05	1
19	rs7249047	449252	0	2.393677e-03	3.365899e-05	1
19	rs6510777	449659	0	1.476505e-03	2.058214e-05	1
19	rs4919867	450013	0	-8.679198e-04	-1.194325e-05	1
19	rs4919868	450120	0	1.456733e-03	1.984645e-05	1
19	rs4919869	450180	0	1.519362e-03	2.070035e-05	1
19	rs4919870	450282	0	1.524860e-03	2.074734e-05	1
19	rs4919871	450515	0	1.565800e-03	2.136698e-05	1
19	rs9676522	450927	0	1.628421e-03	2.236021e-05	1
19	rs111381303	451244	0	2.145165e-03	2.984795e-05	1
19	rs112973471	451259	0	2.121632e-03	2.951860e-05	1
19	rs11085053	451849	0	1.652987e-03	2.302840e-05	1
19	rs11085054	451876	0	1.647553e-03	2.295376e-05	1
19	rs4919816	452449	0	1.632110e-03	2.281148e-05	1
19	rs4919873	452486	0	1.403328e-03	1.965485e-05	1
19	rs4919817	452595	0	1.649103e-03	2.307006e-05	1
19	rs887497	453105	0	-2.952353e-04	-4.133108e-06	1
19	rs887498	453127	0	1.561397e-03	2.312142e-05	1
19	rs10853969	453160	0	-1.586431e-03	-2.225252e-05	1
19	rs11085055	453389	0	-1.809119e-03	-2.546995e-05	1
19	rs11085056	453397	0	-1.818299e-03	-2.560663e-05	1
19	rs12460605	453687	0	-1.369454e-03	-1.929938e-05	1
19	rs12459362	453750	0	-1.395936e-03	-1.972153e-05	1
19	rs7259509	453826	0	-1.417643e-03	-2.000606e-05	1
19	rs740871	454430	0	-1.477444e-03	-2.063539e-05	1
19	rs11667579	455661	0	-1.619055e-03	-2.597653e-05	1
19	rs11666069	455878	0	5.383587e-04	8.459815e-06	1
19	rs11671867	456180	0	1.697017e-03	2.696326e-05	1
19	rs57322055	456286	0	-8.534031e-03	-1.596490e-04	1
19	rs56398868	456302	0	-6.362035e-03	-1.006733e-04	1
19	rs112452922	456358	0	1.823423e-03	2.903185e-05	1
19	rs60426203	456440	0	-7.074644e-03	-1.308294e-04	1
19	rs112246180	456739	0	1.790921e-03	2.866196e-05	1
19	rs201687738	456834	0	-7.288267e-03	-1.247615e-04	1
19	rs77706807	456914	0	-9.001432e-03	-1.569902e-04	1
19	rs77314562	457281	0	-7.799895e-03	-1.478928e-04	1
19	rs67990768	457423	0	-7.842139e-03	-1.484803e-04	1
19	rs73489663	457732	0	1.140439e-03	1.798349e-05	1
19	rs113058919	457805	0	1.686914e-03	2.676806e-05	1
19	rs61749993	457844	0	1.681417e-03	2.668067e-05	1
19	rs113147774	457881	0	1.704307e-03	2.704841e-05	1
19	rs117805794	458010	0	1.721862e-03	2.733026e-05	1
19	rs149405796	458829	0	8.012280e-04	1.268337e-05	1
19	rs8104683	458935	0	-6.181776e-03	-9.679067e-05	1
19	rs8111132	459074	0	-6.192296e-03	-9.694235e-05	1
19	rs9749202	459087	0	-5.566194e-03	-8.774770e-05	1
19	rs113333592	459093	0	2.251921e-03	3.643241e-05	1
19	rs112918079	459112	0	2.237286e-03	3.622353e-05	1
19	rs145163744	459119	0	1.639204e-03	2.597582e-05	1
19	rs11669451	460025	0	-3.430929e-03	-5.470938e-05	1
19	rs11672759	460027	0	-3.541394e-03	-5.631741e-05	1
19	rs11667874	460049	0	-3.460589e-03	-5.516060e-05	1
19	rs11670469	460073	0	-3.437871e-03	-5.478842e-05	1
19	rs187037126	460382	0	1.575888e-03	2.482630e-05	1
19	rs182361580	460883	0	1.651493e-03	2.567793e-05	1
19	rs12982183	461397	0	4.984586e-04	7.334079e-06	1
19	rs12982379	461431	0	7.191428e-03	1.068677e-04	1
19	rs12972242	461667	0	4.698296e-04	6.923828e-06	1
19	rs1003411	462238	0	-1.432189e-03	-2.085499e-05	1
19	rs1599999	462736	0	5.725425e-04	8.359177e-06	1
19	rs1600000	462944	0	-1.300566e-03	-1.892712e-05	1
19	rs1968129	463025	0	8.692481e-04	1.262436e-05	1
19	rs1968130	463326	0	1.047833e-03	1.520530e-05	1
19	rs1052882	463528	0	7.725972e-03	1.124780e-04	1
19	rs11671493	463648	0	8.271981e-03	1.228767e-04	1
19	rs4919890	464612	0	1.132893e-03	1.654109e-05	1
19	rs4919825	464840	0	5.682855e-03	8.425541e-05	1
19	rs10406389	465302	0	1.175383e-03	1.717660e-05	1
19	rs10406437	465359	0	1.218332e-03	1.779338e-05	1
19	rs140502943	465427	0	1.093209e-03	1.604516e-05	1
19	rs10401569	465678	0	1.225415e-03	1.790742e-05	1
19	rs28972633	465889	0	3.656792e-03	5.504504e-05	1
19	rs10414788	466793	0	-9.639750e-04	-1.415245e-05	1
19	rs4919829	468348	0	9.745633e-04	1.441495e-05	1
19	rs4919895	468556	0	-8.947513e-04	-1.318038e-05	1
19	rs4919830	468616	0	2.835078e-04	4.338657e-06	1
19	rs4919831	468621	0	-6.998144e-04	-1.026475e-05	1
19	rs4919896	468752	0	-1.454712e-03	-2.166932e-05	1
19	rs4919897	468758	0	4.567316e-03	6.794117e-05	1
19	rs59774758	468835	0	6.144812e-03	9.380026e-05	1
19	rs56666294	468870	0	4.203208e-03	6.400124e-05	1
19	rs61647754	469223	0	-7.998150e-03	-1.473545e-04	1
19	rs11881140	469328	0	-7.645416e-03	-1.408631e-04	1
19	rs36119792	469418	0	6.203065e-03	9.479149e-05	1
19	rs56672193	469811	0	-7.574622e-03	-1.388847e-04	1
19	rs60269482	469841	0	-7.520049e-03	-1.377721e-04	1
19	rs34994850	469918	0	6.016840e-03	9.215038e-05	1
19	rs34770712	469979	0	-1.181172e-03	-1.775962e-05	1
19	rs35270602	470127	0	6.135304e-03	9.415322e-05	1
19	rs35206883	470207	0	1.961973e-04	3.229286e-06	1
19	rs11312614	470373	0	2.399420e-04	3.968897e-06	1
19	rs111845218	471506	0	-4.896023e-03	-9.007463e-05	1
19	rs5826695	471740	0	3.978448e-03	6.310521e-05	1
19	rs2392794	472149	0	4.740881e-03	7.554961e-05	1
19	rs10405528	472927	0	6.165551e-03	9.622025e-05	1
19	rs79208867	473302	0	3.902626e-04	6.224812e-06	1
19	rs74176352	473438	0	7.994345e-03	1.296452e-04	1
19	rs10421326	473572	0	6.047206e-04	9.704225e-06	1
19	rs7254415	476271	0	4.747879e-04	7.672844e-06	1
19	rs7249372	476547	0	-2.478815e-03	-4.296244e-05	1
19	rs4919899	477344	0	4.929344e-03	7.728185e-05	1
19	rs10421720	478060	0	-1.669334e-03	-2.997937e-05	1
19	rs60818667	480455	0	-4.126732e-04	-7.165368e-06	1
19	rs111919297	480572	0	1.882764e-04	3.342767e-06	1
19	rs116881467	480795	0	3.306172e-04	5.836815e-06	1
19	rs62636887	480807	0	5.564024e-03	7.466708e-05	1
19	rs201628549	481002	0	1.103981e-03	1.992259e-05	1
19	rs111067210	481279	0	-1.382793e-03	-2.439322e-05	1
19	rs111164644	481322	0	-1.452793e-03	-2.563522e-05	1
19	rs6510798	481915	0	-1.355939e-03	-2.390657e-05	1
19	rs6510799	482221	0	4.332485e-03	5.621554e-05	1
19	rs61334791	482619	0	-1.331530e-03	-2.347663e-05	1
19	rs7245992	482654	0	-1.234094e-03	-2.177652e-05	1
19	rs4919902	482841	0	4.233188e-03	5.514759e-05	1
19	rs10423472	482905	0	-1.349241e-03	-2.379766e-05	1
19	rs10407723	482984	0	4.224335e-03	5.507287e-05	1
19	rs10403567	483412	0	-1.417249e-03	-2.501037e-05	1
19	rs35033930	483461	0	5.074828e-03	6.747351e-05	1
19	rs12971582	483675	0	4.303412e-03	5.676172e-05	1
19	rs58049900	483685	0	-1.365058e-03	-2.412400e-05	1
19	rs58769699	483699	0	-1.381185e-03	-2.441127e-05	1
19	rs12979312	483739	0	4.214850e-03	5.570100e-05	1
19	rs12979590	483850	0	3.356591e-03	4.435494e-05	1
19	rs11879080	484297	0	-1.558751e-03	-2.766494e-05	1
19	rs11882342	484384	0	-1.561459e-03	-2.773822e-05	1
19	rs10419509	485953	0	1.603945e-03	2.355780e-05	1
19	rs67917779	487394	0	1.558233e-03	2.280708e-05	1
19	rs2392796	488930	0	-1.910936e-04	-2.786476e-06	1
19	rs10415416	490081	0	-1.232257e-03	-1.807199e-05	1
19	rs35679623	490414	0	-2.347221e-04	-3.382399e-06	1
19	rs10406020	492949	0	-4.906480e-03	-7.466144e-05	1
19	rs10416417	492970	0	-4.289799e-03	-6.352387e-05	1
19	rs10411563	492978	0	-4.318096e-03	-6.396510e-05	1
19	rs139128196	493998	0	-4.340254e-03	-6.248417e-05	1
19	rs7258832	494057	0	-3.634647e-03	-4.820491e-05	1
19	rs9653134	494574	0	-4.327494e-03	-6.262096e-05	1
19	rs758502	495600	0	-2.855302e-03	-3.895215e-05	1
19	rs758503	495722	0	-2.801137e-03	-3.822884e-05	1
19	rs114840310	496652	0	-4.746614e-03	-6.920118e-05	1
19	rs28708986	496985	0	-1.632477e-04	-2.369624e-06	1
19	rs4919906	500855	0	-2.612030e-03	-4.337639e-05	1
19	rs4919907	500991	0	-2.616365e-03	-4.344755e-05	1
19	rs8182594	502318	0	-2.918230e-03	-4.831270e-05	1
19	rs12976267	504256	0	8.282492e-06	3.044942e-07	1
19	rs1140823	505071	0	-1.052174e-03	-1.333065e-05	1
19	rs11085079	506920	0	-3.157078e-03	-4.257432e-05	1
19	rs4919908	508626	0	-2.490820e-03	-3.010326e-05	1
19	rs4919910	509717	0	-1.855408e-03	-2.143336e-05	1
19	rs4919911	510190	0	-3.260394e-03	-4.578954e-05	1
19	rs4919912	510266	0	-2.208868e-03	-2.758476e-05	1
19	rs10420464	527244	0	-1.093803e-03	-1.960129e-05	1
19	rs5826697	529955	0	1.790204e-03	3.085595e-05	1
19	rs16989724	531115	0	1.730184e-03	3.005855e-05	1
19	rs16990502	532337	0	-9.631665e-04	-1.271155e-05	1
19	rs4919914	532570	0	-1.212113e-03	-1.592475e-05	1
19	rs12461965	533133	0	3.104323e-03	5.245779e-05	1
19	rs12979110	533552	0	4.103868e-03	6.949708e-05	1
19	rs6510823	533872	0	2.461330e-03	4.101069e-05	1
19	rs6510824	533986	0	2.363523e-03	3.927742e-05	1
19	rs6510825	534062	0	2.358083e-03	3.918704e-05	1
19	rs12976021	534263	0	-1.407527e-03	-1.822908e-05	1
19	rs7249253	534601	0	3.160106e-03	4.788291e-05	1
19	rs7256060	534798	0	1.954380e-03	3.252875e-05	1
19	rs7259421	535004	0	3.264343e-03	4.594571e-05	1
19	rs10409849	535621	0	4.940123e-03	6.590622e-05	1
19	rs10415326	535634	0	3.529125e-03	5.921793e-05	1
19	rs4264506	536088	0	-1.485957e-03	-1.907979e-05	1
19	rs2396295	536437	0	3.152900e-03	5.259101e-05	1
19	rs1108115	536510	0	-1.789497e-03	-2.306325e-05	1
19	rs892201	536536	0	3.105727e-03	5.179036e-05	1
19	rs892202	536610	0	3.042925e-03	5.097907e-05	1
19	rs1108113	536681	0	-1.894952e-03	-2.433941e-05	1
19	rs1108114	536878	0	-1.518799e-03	-1.915851e-05	1
19	rs892204	536900	0	3.159537e-03	5.262489e-05	1
19	rs2011226	537414	0	-1.513974e-03	-1.901988e-05	1
19	rs2011225	537421	0	-1.515518e-03	-1.902034e-05	1
19	rs2011211	537598	0	8.322417e-04	1.423991e-05	1
19	rs8107361	538160	0	3.231439e-03	5.361188e-05	1
19	rs2288951	538487	0	-2.202478e-03	-2.742349e-05	1
19	rs2288952	538930	0	-1.501187e-03	-1.880624e-05	1
19	rs2288953	538994	0	-1.581690e-03	-1.984312e-05	1
19	rs2288954	539174	0	-1.618270e-03	-2.033427e-05	1
19	rs2288955	539222	0	1.547171e-04	1.843671e-06	1
19	rs7255072	539250	0	1.942286e-04	2.342533e-06	1
19	rs10402948	539266	0	3.168230e-03	5.296361e-05	1
19	rs10853978	539593	0	-1.463111e-03	-1.868841e-05	1
19	rs10853979	539812	0	-1.596917e-03	-2.017740e-05	1
19	rs10853980	539817	0	-1.611038e-03	-2.035948e-05	1
19	19:540805:G:AC	540805	0	3.028995e-03	5.067823e-05	1
19	rs16990634	541217	0	-2.655821e-03	-4.636462e-05	1
19	rs7150	541685	0	-1.810203e-03	-2.317099e-05	1
19	rs3760878	542654	0	-1.476629e-03	-1.908327e-05	1
19	rs3760877	542672	0	-1.526031e-03	-1.972137e-05	1
19	rs4595903	543215	0	2.998179e-03	5.044267e-05	1
19	rs17841770	543219	0	-1.626247e-03	-2.112378e-05	1
19	rs550840184	543845	0	4.564730e-04	7.793008e-06	1
19	rs4919844	545593	0	2.246216e-03	3.234042e-05	1
19	rs28666917	545639	0	1.724675e-03	3.122929e-05	1
19	rs4919845	545799	0	-1.857513e-03	-3.221304e-05	1
19	rs143197397	545923	0	-2.464807e-03	-4.322862e-05	1
19	rs12976921	545950	0	4.368502e-03	6.136556e-05	1
19	rs5029546	545976	0	-1.739977e-03	-3.110642e-05	1
19	rs5029545	546019	0	-1.664455e-03	-2.975116e-05	1
19	rs5027244	546159	0	-1.320813e-03	-2.349378e-05	1
19	rs5027243	546169	0	-1.305799e-03	-2.322747e-05	1
19	rs58650960	546340	0	4.720709e-03	6.962375e-05	1
19	rs148038593	546730	0	-1.712378e-03	-3.014490e-05	1
19	rs11367549	546865	0	-1.121517e-03	-1.995240e-05	1
19	rs62132576	547054	0	-1.053836e-03	-1.874044e-05	1
19	rs2070795	547491	0	4.228691e-03	5.797482e-05	1
19	rs2070796	547555	0	-2.959569e-03	-5.072603e-05	1
19	rs75799132	547871	0	-1.605573e-03	-2.822747e-05	1
19	rs2070800	547973	0	3.958895e-03	5.225271e-05	1
19	rs2070801	548051	0	4.727591e-03	6.733552e-05	1
19	rs111802828	550063	0	-1.467565e-03	-2.574334e-05	1
19	rs199902513	550492	0	-1.155416e-03	-2.009306e-05	1
19	rs28478589	550648	0	8.207201e-04	1.381507e-05	1
19	rs533726577	551732	0	-3.095593e-04	-5.525087e-06	1
19	rs558641560	551734	0	-3.022791e-04	-5.397536e-06	1
19	rs576831354	551738	0	-2.422118e-04	-4.346958e-06	1
19	rs555691191	551753	0	-2.320621e-03	-4.009859e-05	1
19	rs574090218	551754	0	-2.359669e-03	-4.077903e-05	1
19	rs77590703	552746	0	-2.268281e-03	-3.888960e-05	1
19	rs7251100	552943	0	-1.839738e-03	-3.137960e-05	1
19	rs62132579	553755	0	9.978242e-04	1.577421e-05	1
19	rs56373403	554100	0	2.653818e-03	4.097765e-05	1
19	rs77973044	554101	0	1.808704e-03	2.793361e-05	1
19	rs112460456	554542	0	1.681629e-03	2.599383e-05	1
19	rs4919850	556632	0	4.490773e-03	6.513869e-05	1
19	rs34157275	557852	0	3.825897e-03	5.894067e-05	1
19	rs35464034	557854	0	3.827799e-03	5.891904e-05	1
19	rs12608452	563639	0	1.185295e-03	2.011602e-05	1
19	19:565965:C:<CN0>	565965	0	2.414693e-03	4.080231e-05	1
19	19:566005:T:<CN0>	566005	0	2.437739e-03	4.119122e-05	1
19	rs28915400	572004	0	4.381356e-03	7.396071e-05	1
19	rs2072307	572878	0	5.279633e-03	8.800578e-05	1
19	rs141476449	572934	0	5.274946e-03	8.784128e-05	1
19	rs2072308	573205	0	5.296798e-03	8.817522e-05	1
19	rs28921969	573712	0	5.284725e-03	8.784467e-05	1
19	rs372867731	574253	0	4.621134e-03	7.672015e-05	1
19	rs151237303	574545	0	5.797032e-03	9.557480e-05	1
19	rs140499328	574547	0	5.795790e-03	9.554891e-05	1
19	rs200704727	574552	0	5.812505e-03	9.577968e-05	1
19	rs111791696	574573	0	5.802962e-03	9.560158e-05	1
19	rs12609912	574927	0	5.806292e-03	9.562906e-05	1
19	rs12609053	575083	0	5.923694e-03	9.739910e-05	1
19	rs12609063	575159	0	5.813895e-03	9.571261e-05	1
19	rs2238540	575805	0	5.525140e-03	9.072859e-05	1
19	rs2238542	575964	0	5.307104e-03	8.693891e-05	1
19	rs2238545	576932	0	4.800672e-03	7.817111e-05	1
19	rs201920784	576962	0	4.162587e-03	6.934556e-05	1
19	rs12611131	577321	0	4.449820e-03	7.225037e-05	1
19	rs2283569	577760	0	4.196048e-03	6.789462e-05	1
19	rs2283570	578208	0	3.395868e-03	5.473304e-05	1
19	rs369429906	578734	0	3.475018e-03	5.678078e-05	1
19	rs2283573	579100	0	3.305164e-03	5.242346e-05	1
19	rs28921990	579157	0	3.230116e-03	5.136563e-05	1
19	rs150528585	579252	0	3.186649e-03	5.142810e-05	1
19	rs2283574	579450	0	3.233235e-03	5.146602e-05	1
19	rs1803202	579627	0	3.277475e-03	5.224495e-05	1
19	rs12608994	579699	0	2.288233e-03	3.637227e-05	1
19	rs12609013	579713	0	3.208263e-03	5.116011e-05	1
19	rs28992471	580012	0	3.212030e-03	5.125243e-05	1
19	rs2229664	580388	0	3.251541e-03	5.206328e-05	1
19	rs28992474	580575	0	3.259095e-03	5.217277e-05	1
19	rs12461605	580933	0	4.217949e-03	7.134041e-05	1
19	rs113033881	581253	0	3.234728e-03	5.224828e-05	1
19	rs3764937	581633	0	3.653064e-03	5.961032e-05	1
19	rs28992483	581944	0	3.258260e-03	5.253791e-05	1
19	rs28992484	581956	0	3.281556e-03	5.295788e-05	1
19	rs28992485	581974	0	3.263967e-03	5.265589e-05	1
19	rs6757	583418	0	2.069847e-03	3.413819e-05	1
19	rs6758	583460	0	2.087754e-03	3.462716e-05	1
19	rs28992491	583662	0	3.225610e-03	5.239806e-05	1
19	rs2238546	583698	0	3.211390e-03	5.218874e-05	1
19	rs28992492	583711	0	3.212098e-03	5.221297e-05	1
19	rs28992494	583744	0	3.325344e-03	5.416391e-05	1
19	rs73918143	583856	0	3.263286e-03	5.313253e-05	1
19	rs73918144	583899	0	3.239999e-03	5.293984e-05	1
19	rs73918145	584051	0	2.988910e-03	4.885401e-05	1
19	rs73918146	584211	0	2.931062e-03	4.795784e-05	1
19	rs79361899	584355	0	2.250443e-03	3.796741e-05	1
19	rs73918148	584784	0	3.205619e-03	5.371339e-05	1
19	rs113966063	585091	0	3.656459e-03	6.405455e-05	1
19	rs76485498	585651	0	3.137494e-03	5.422997e-05	1
19	rs3752158	607984	0	-1.474458e-04	-2.808551e-06	1
19	rs8103738	616999	0	4.685802e-03	7.127963e-05	1
19	rs2072122	617205	0	4.380237e-03	6.496621e-05	1
19	rs11672829	618159	0	3.580249e-03	5.054206e-05	1
19	rs14155	619021	0	3.548740e-03	4.946017e-05	1
19	rs10853990	619574	0	3.405476e-03	4.801441e-05	1
19	rs11669381	619772	0	3.383189e-03	4.768695e-05	1
19	rs111437074	621020	0	4.777544e-03	6.832237e-05	1
19	rs2238547	621712	0	4.280556e-03	5.775392e-05	1
19	rs2238548	622000	0	4.131682e-03	5.572197e-05	1
19	rs2238549	622336	0	4.142854e-03	5.566143e-05	1
19	rs2285853	624683	0	4.430649e-03	5.834588e-05	1
19	rs2285855	625081	0	4.321415e-03	5.666570e-05	1
19	rs10419855	628181	0	3.623437e-03	4.658929e-05	1
19	rs397783288	628631	0	4.184110e-03	5.491845e-05	1
19	rs9304924	630844	0	5.447888e-03	6.530324e-05	1
19	rs11085148	631028	0	5.535255e-03	6.737461e-05	1
19	rs151155563	632237	0	-4.298956e-03	-7.842189e-05	1
19	rs55860433	632300	0	4.587643e-03	8.081680e-05	1
19	rs55984425	632443	0	4.385789e-03	7.673203e-05	1
19	rs56090114	633013	0	4.599915e-03	8.074129e-05	1
19	rs11669858	633381	0	3.598647e-03	4.566358e-05	1
19	rs9304925	633618	0	6.567532e-03	1.095372e-04	1
19	rs12610384	634095	0	-2.253026e-03	-2.722128e-05	1
19	rs58223009	635486	0	4.718960e-03	8.349453e-05	1
19	rs143167460	636156	0	5.197036e-03	9.238027e-05	1
19	rs8112348	636375	0	4.521267e-03	6.079017e-05	1
19	rs79208559	636563	0	4.819462e-03	8.522493e-05	1
19	rs8107357	636717	0	3.962998e-03	5.188512e-05	1
19	rs10422851	637929	0	5.808630e-03	9.735151e-05	1
19	rs6510868	655608	0	-3.318851e-02	-1.313791e-03	1
19	rs3787004	657666	0	-3.874235e-02	-1.880095e-03	1
19	rs56334730	664591	0	-3.584615e-02	-1.622908e-03	1
19	rs17672806	667118	0	-3.432971e-02	-1.449148e-03	1
19	rs62134277	667184	0	-3.427953e-02	-1.466474e-03	1
19	rs10425639	670388	0	-3.263200e-02	-1.292450e-03	1
19	rs34668346	672169	0	-1.826400e-02	-3.363802e-04	1
19	rs3761016	674566	0	-1.720791e-02	-2.877847e-04	1
19	rs2301741	675106	0	-1.677869e-02	-2.733011e-04	1
19	rs2301742	675513	0	-1.663489e-02	-2.671639e-04	1
19	rs35083191	675681	0	-1.173195e-02	-1.828793e-04	1
19	rs62134281	676559	0	-1.595934e-02	-2.550622e-04	1
19	rs71333301	676904	0	-1.595140e-02	-2.555620e-04	1
19	rs62134282	677646	0	-1.521609e-02	-2.416129e-04	1
19	rs35608161	678526	0	-7.132472e-03	-1.153121e-04	1
19	rs7246311	680378	0	-1.451346e-02	-2.381217e-04	1
19	rs62134284	682211	0	-1.381634e-02	-2.140169e-04	1
19	rs1046253	683221	0	-6.656344e-03	-1.069488e-04	1
19	rs12973335	684194	0	3.312638e-03	4.606113e-05	1
19	rs138248777	684359	0	-1.264228e-02	-1.907724e-04	1
19	rs12984201	684684	0	-1.032352e-03	-1.824668e-05	1
19	rs35441563	684755	0	2.251841e-03	3.100094e-05	1
19	rs35656404	684778	0	-1.047428e-03	-1.851172e-05	1
19	rs12984692	684812	0	1.537696e-03	2.151272e-05	1
19	rs2285754	685481	0	-6.361676e-03	-1.017125e-04	1
19	rs62131270	685985	0	-7.386628e-03	-1.070307e-04	1
19	rs12609520	686162	0	9.483381e-04	1.290001e-05	1
19	rs12611332	686181	0	4.362847e-04	6.163593e-06	1
19	rs12609526	686234	0	9.311956e-04	1.267403e-05	1
19	rs10439151	686574	0	8.483019e-04	1.164164e-05	1
19	rs8105856	686715	0	-6.481957e-03	-1.046210e-04	1
19	rs10439152	686791	0	1.850650e-03	2.574080e-05	1
19	rs12976484	687279	0	-1.376112e-03	-2.446028e-05	1
19	rs7359915	687773	0	9.230760e-04	1.277359e-05	1
19	rs7359916	687799	0	2.172044e-03	3.051273e-05	1
19	rs7359958	687835	0	1.222359e-03	1.685606e-05	1
19	rs61602138	688355	0	1.091436e-03	1.516779e-05	1
19	rs12985435	688379	0	1.271367e-03	1.760213e-05	1
19	rs71174313	688504	0	8.802534e-04	1.236045e-05	1
19	rs12609586	689004	0	7.854181e-04	1.128635e-05	1
19	rs112475525	689222	0	1.165004e-04	2.315947e-06	1
19	rs4508533	692461	0	-1.029472e-02	-1.637284e-04	1
19	rs62131272	692530	0	-1.028943e-02	-1.638022e-04	1
19	rs113654570	693823	0	-1.027492e-02	-1.658615e-04	1
19	rs10421265	746712	0	1.137362e-03	1.677020e-05	1
19	rs3190776	747150	0	2.536410e-03	3.494287e-05	1
19	rs2384774	749878	0	3.356657e-03	4.339483e-05	1
19	rs8104762	750173	0	-4.534792e-03	-5.506808e-05	1
19	rs11882442	752878	0	4.757843e-03	6.624964e-05	1
19	rs17604219	753950	0	6.017273e-03	8.305870e-05	1
19	rs115172026	779398	0	-2.621268e-03	-4.656721e-05	1
19	rs117432103	779444	0	-2.571897e-03	-4.568284e-05	1
19	rs116928262	779455	0	-2.756019e-03	-4.896602e-05	1
19	rs117210498	779468	0	-2.824653e-03	-5.018980e-05	1
19	rs117620694	779475	0	-2.839168e-03	-5.045043e-05	1
19	rs116171533	779536	0	-2.980641e-03	-5.299441e-05	1
19	rs117710064	779606	0	-3.328129e-03	-5.924273e-05	1
19	rs117460870	779635	0	-2.919311e-03	-5.187681e-05	1
19	rs117782571	779689	0	-2.906862e-03	-5.164293e-05	1
19	rs118188159	780599	0	-3.111161e-03	-5.510433e-05	1
19	rs541080994	780650	0	-3.221654e-03	-5.716849e-05	1
19	rs117172878	780696	0	-3.071179e-03	-5.437712e-05	1
19	rs118023771	780741	0	-3.052112e-03	-5.403130e-05	1
19	rs72982114	782441	0	-9.358319e-04	-1.668214e-05	1
19	rs11450489	782933	0	-6.182107e-03	-1.068009e-04	1
19	rs11669836	783519	0	-3.232912e-03	-5.593224e-05	1
19	rs11667578	783544	0	-3.459289e-03	-5.985706e-05	1
19	rs11667659	783771	0	-6.797252e-03	-1.204116e-04	1
19	rs11673127	783780	0	-3.466573e-03	-5.996408e-05	1
19	rs146728889	783851	0	-7.007736e-03	-1.224410e-04	1
19	rs11879370	784201	0	-3.327199e-03	-5.739643e-05	1
19	rs8110687	784736	0	-6.677608e-03	-1.159125e-04	1
19	rs8104701	784824	0	-7.237206e-03	-1.267249e-04	1
19	rs372011336	785120	0	-7.210569e-03	-1.263907e-04	1
19	rs374064882	785121	0	-7.193972e-03	-1.260518e-04	1
19	rs544878356	785122	0	-5.965707e-03	-1.058113e-04	1
19	rs374425616	785122	0	-7.209194e-03	-1.263315e-04	1
19	rs548949700	785239	0	-7.027807e-03	-1.227690e-04	1
19	rs113382075	785525	0	-7.325659e-03	-1.283185e-04	1
19	rs56003411	786045	0	-3.008997e-03	-5.171099e-05	1
19	rs367966949	786368	0	-6.550542e-03	-1.136603e-04	1
19	rs371611176	786371	0	-6.550826e-03	-1.136591e-04	1
19	rs376209499	786372	0	-6.569935e-03	-1.140172e-04	1
19	rs144958576	786423	0	-6.410126e-04	-1.166871e-05	1
19	rs72039153	786447	0	-7.056626e-03	-1.229068e-04	1
19	rs56727470	786858	0	-3.612437e-03	-5.913346e-05	1
19	19:787024:T:TACACACAC	787024	0	-3.393769e-03	-5.830592e-05	1
19	19:787024:T:TACACACATAT	787024	0	-7.767853e-04	-1.420139e-05	1
19	rs61449182	787041	0	-3.802688e-03	-6.224224e-05	1
19	rs61483002	787070	0	-3.871471e-03	-6.340188e-05	1
19	rs59653410	787096	0	-3.755812e-03	-6.150860e-05	1
19	rs113509162	787119	0	-3.932907e-04	-7.176402e-06	1
19	rs10412200	788101	0	-3.503229e-03	-5.589323e-05	1
19	rs11881383	788177	0	-3.339057e-03	-5.684335e-05	1
19	rs112763660	791630	0	-2.842991e-03	-5.026350e-05	1
19	rs10401781	791905	0	-2.993136e-03	-5.218314e-05	1
19	rs113763989	792368	0	-2.546512e-03	-4.499835e-05	1
19	rs73490575	793634	0	-5.899105e-04	-1.072530e-05	1
19	rs58350690	794670	0	8.804729e-04	1.349282e-05	1
19	rs11882077	794800	0	3.565922e-03	5.516844e-05	1
19	rs8113356	795816	0	-6.144060e-04	-9.298052e-06	1
19	rs111403451	796250	0	-5.311491e-04	-7.976568e-06	1
19	rs146202912	796471	0	-2.027514e-03	-3.430729e-05	1
19	rs7249170	797032	0	-1.608560e-04	-2.480814e-06	1
19	rs351974	797079	0	3.122132e-03	4.717288e-05	1
19	rs8110974	798643	0	-7.908761e-04	-1.175474e-05	1
19	rs8103323	798921	0	2.377352e-03	3.607247e-05	1
19	rs8111329	799081	0	-7.175867e-04	-1.060733e-05	1
19	rs8100561	799342	0	2.488137e-03	3.764601e-05	1
19	rs736926	801381	0	-7.210500e-04	-1.051104e-05	1
19	rs351986	803086	0	-2.037592e-03	-3.380541e-05	1
19	rs351982	804013	0	-2.025171e-03	-3.378296e-05	1
19	rs351981	804079	0	-2.041963e-03	-3.403043e-05	1
19	rs3180287	804396	0	-4.804180e-04	-6.825737e-06	1
19	rs351980	804456	0	-2.401996e-03	-4.012714e-05	1
19	rs3170451	804642	0	-4.682435e-04	-6.663273e-06	1
19	rs115813123	805398	0	-1.477791e-03	-2.160997e-05	1
19	rs351976	806673	0	1.851046e-03	2.693943e-05	1
19	rs73490587	807075	0	-6.417186e-04	-9.290621e-06	1
19	rs146949132	807113	0	-6.287589e-04	-9.102464e-06	1
19	rs13169	808586	0	-7.379755e-04	-1.076117e-05	1
19	rs1135908	808742	0	-7.551360e-04	-1.105143e-05	1
19	rs62131353	808824	0	3.983360e-03	6.023388e-05	1
19	rs62131354	808920	0	3.905887e-03	5.903785e-05	1
19	rs8102405	809541	0	3.534215e-03	5.375002e-05	1
19	rs351995	809732	0	1.028851e-03	1.484231e-05	1
19	rs147256862	810306	0	3.653912e-03	5.666627e-05	1
19	rs10426392	810445	0	3.565054e-03	5.468937e-05	1
19	rs351994	813220	0	3.011356e-03	5.101788e-05	1
19	rs351992	813979	0	2.826065e-03	4.795647e-05	1
19	rs351991	814023	0	3.148505e-03	5.347286e-05	1
19	rs56944467	814680	0	-1.892678e-03	-3.007436e-05	1
19	rs72982155	816539	0	7.787981e-04	1.101791e-05	1
19	rs61504683	816919	0	8.164402e-04	1.153137e-05	1
19	rs111302943	817198	0	-1.625985e-03	-2.602715e-05	1
19	rs8108446	818284	0	9.420881e-04	1.323289e-05	1
19	rs113689756	820300	0	-2.031604e-03	-3.281141e-05	1
19	rs11666980	820748	0	-2.129179e-03	-3.836398e-05	1
19	rs112560887	822640	0	-2.165249e-03	-3.903883e-05	1
19	rs112124367	822645	0	-2.165249e-03	-3.903885e-05	1
19	rs375593621	823120	0	-1.345499e-03	-2.281327e-05	1
19	rs602186	823550	0	1.629424e-03	2.141909e-05	1
19	rs113005980	825680	0	-1.677889e-03	-3.026087e-05	1
19	rs11667196	825745	0	1.074766e-03	1.356574e-05	1
19	rs149605768	826805	0	-2.355459e-03	-4.099379e-05	1
19	rs8106348	827142	0	1.165977e-03	1.409009e-05	1
19	rs140196567	827155	0	-1.629760e-03	-2.939565e-05	1
19	rs606119	827655	0	-8.912311e-05	-1.079221e-06	1
19	rs649411	827975	0	1.116866e-03	1.336136e-05	1
19	rs664110	828932	0	1.239276e-03	1.499142e-05	1
19	rs12608489	829187	0	5.879532e-04	7.450511e-06	1
19	rs687077	829408	0	8.847610e-04	1.087152e-05	1
19	rs678976	829723	0	1.074501e-03	1.307167e-05	1
19	rs112967183	829823	0	-2.416152e-03	-4.347989e-05	1
19	rs10427153	830121	0	-4.146018e-04	-5.133927e-06	1
19	rs111261894	830208	0	-1.609992e-03	-2.904353e-05	1
19	rs653847	830621	0	3.416259e-04	4.864277e-06	1
19	19:830621:A:T	830621	0	-1.601264e-03	-2.889136e-05	1
19	rs28626600	830820	0	-1.538600e-03	-2.776139e-05	1
19	rs595844	830854	0	-1.176921e-03	-1.519954e-05	1
19	rs138470231	862676	0	2.197868e-03	3.443607e-05	1
19	rs3842427	862801	0	3.764394e-03	6.324113e-05	1
